domain
taranehaykoodakan.blogfa.com
nubedigital.mx
wildpeekdesign.com
crmug.com
posud.ru
tubeleecher.com
checkprizebond.com
pdfgrabber.fr
lumos.com
alveolashop.com
unicart.com
kielichlawfirm.com
ashabzaman.blogspot.com
coinsitk.com
nipponmaru.jp
trabajoypersonal.com
negicco.net
fjrtvu.edu.cn
ungateazcategories.com
wergo.de
fazerfacil.com.br
martinsprocket.com
infographicimages.com
automediya.ru
sozaijiten.net
veikkaajat.com
klassen-leder.ru
hyipsurftalk.com
qizhen.blog.163.com
granitenet.com
prepreview.com
cardiganempire.com
jcmailer.com
yumminova.eu
cs103.net
niniplus.com
skidki-yola.ru
meatydownthere.tumblr.com
extremehunter.ru
mapinc.org
yukicocp.com
eduinreview.com
atwork-plus.net
gladiatorpc.co.uk
omgcalgary.com
fasola-shop.com
subanan.com
integracaom2g.com.br
grandriver.ca
kreppro.ru
sithari.com.au
buyreviewsnow.com
first-bank.co.jp
mfdaniels.tumblr.com
eerste-koophuis.nl
lasmed.ru
garrettcollege.edu
pampers.com.cn
muloco.com
myexperiment.org
pagina.gr
pensandleather.com
ultimateidx.com
dvery-premium.ru
cxpass.net
gsmicrosystems.com
sexystreaming.info
anco-pure-vanda.nl
coolprogeny.com
hermescleveland.com
w-radiology.com
autouplinktech.com
gulfsat.com
gam.kz
orientbell.com
ateconline.es
buddhaseedbank.com
miyazaki-airport.co.jp
favicon.co.za
pyrenees-immobilier.com
nmspace.net
poplens.jp
projectfenix.com
rnbuncovered.com
sunflowerfund.org.za
kodawarisan.com
tipo.ch
scona.com.tw
3rssan.com
crystalnailszagreb.com
asafraction.com
computershub.org
alinshop.eu
therevue.ca
souriau-industrial.com
mexfam.org.mx
ourrvadventures.com
parkingcrwe.com
acquealbule.com
msp.gub.uy
officecontactnumbers.com
suburbanjungle.com
legalizarmiauto.com
ktsterling.com
sodabarmusic.com
discounthockey.com
tomabo.com
outlet-kagu.com
lafonoteca.net
technofabrics.com
businessnamegenerators.com
nra.co.za
saludycalidad.com
soxadrez.com.br
plastics.pl
ezproxies.com
heinebirkeland.com
inilagump3.wapka.mobi
mgsionline.com
westtexaspigskin.com
notebookstore.com
artforshop.com
defitsita.net
midgard.in
aiesec.com.pl
fabhautemama.com
coolaj86.com
starwax.fr
fiera.ge.it
gonzalezgimenez.com.py
spikeball.com
salamshop.ir
wpdiamonds.co.uk
reddeideas.com
ctrla.lt
tricityhelpline.com
toc6.com
pvdl.us
salfordhomesearch.co.uk
roozegemez.mihanblog.com
watsons-water.com
faithory.com
prepa.com
icarry4u.com
5432.tw
gcpg.com.my
seldin.com
handmadesuccess.com
ohla.com
fanucci.it
flirtcontact.com
brawl.com
khaledscorner.com
fpsadmin.com
editionsfiatlux.com
milaninfosolution.com
caps-web.org
inkasarmored.com
eventosecommerce.com.br
fabmodula.com
odessaapts.com
liderpak.com.ua
bahriatowns.com
fact-index.com
purpleyoga.org
teluguastrologer.com
brokenworldmedia.com
radio-weblogs.com
castlesncoasters.com
mcstatic.com
mijn-gadgets.nl
id-us.me
zhjnc.edu.cn
menta88.gr
willysforsale.com
comerparacrescer.com
cashzhan.com
leadinganswers.typepad.com
indoglobal.com
tamkafadan.net
nouveautes-exclusives.com
changeyourflight.com
kangepian.com
gsctx.org
gibbssports.com
europages.lv
mblogi.com
mentalhealthparitynow.org
blogtirol.at
sptdigital.com
gipsa.ru
todaytl.com
mustangwynajem.pl
cccamiran2.tk
synaq.com
csdatax.com
elerl.com
skijanje.hr
likezbook.net
freenetpack.com
getbannersmade.com
internetidentity.com
kombat.com.ua
clienteair.com
ayton.id.au
realsearch.com
darktrace.com
kinessonne.com
projekt720.com
vivrenu.com
maingau-energie.de
thebigscreenstore.com
geotechenv.com
rulez.ch
bestpet.co.uk
tinyspeck.com
boyohboi.net
xxxpanded.com
labradorzucht-benkhardt.de
stress07.com
kartbutiken.se
themermaidnyc.com
mywebsiteprofits.com
principiantecontable.com
tmtheme-editor.herokuapp.com
upskirt-no-panties.com
lobnya.ru
divinemagazine.net
forum-schlafapnoe.de
dailytechblog.net
iheartquotes.com
bhs.or.id
dejobaan.com
trangtrixemay.net
taxdayfreebies.com
psuvanguard.com
sarahdoody.com
articlenlinkdirectory.com
hmtinsaat.com.tr
bebekavm.com
lunagang.nl
anhbien.vn
blagodariu.com
zwzpy.com
beabeleza.pl
iocanetolerance.tumblr.com
katana.cl
veocinemas.fr
adnh.com
acnut.com
dyne.org
props-store-online.com
roundup-strategy.jp
schneiderpeeps.com
meine-onlinezeitung.de
zukunft-ch.ch
autoescuelasasociadas.org
greazy.net
us.fm
peterghaziri.co
townhallmassage.com
erasuperba.it
spigo.se
opencartgeek.com
georgecarlin.com
nra.ie
spa-prestige.pl
camping.ru
unpa.me
freefollower.eu
vimalchauhanblog.blogspot.in
storebrandformula.com
lolchampion.de
aldermoresavings.co.uk
grossmann-berger.de
taguig.gov.ph
rls1click.com
overlandsummers.com
tollydollyposhfashion.com
gizmofacts.com
intelliquip.com
universalchannel.de
rogersgardens.com
tecnoting.com
iis-santateresa.it
megansincomechallenge.com
chaseart.com
budutam.ru
michelin.bg
kontramarka.ru
gris-gris.net
thechinesesex.com
samridhigrandavenue.com
c-oye891fm.com
crazydesigns.co.uk
visitcolumbiamo.com
ezmassagebkk.com
saw13.com
erpdanismani.net
140roi.com
garymostert.co.za
luxeor.com
vimax.ro
payung.net
niels-stensen-kliniken.de
2020bclive.net
merkactiva.com
qqst.com
cinemalokam.in
aioppo.cn
noticierointeligente.com
fletebarato.com
vanguardnewsnetwork.com
archive-lv.com
tutele.net
eurobus.ch
southcotabatonews.com
odebate.com.br
schanghaiforum.com
thefinishingtouchlimited.co.uk
myglassplate.jp
mudpaint.com
mcvita.ru
thesystemadministrator.net
socialistregister.com
xn--wlr53q.net
mundogenericos.com
myfashionblog.be
eurofpl.eu
j100.ru
cosplay-booties.tumblr.com
expresssafelist.com
pf110.com
nippon-animation.co.jp
teachershealth.com.au
chycor.co.uk
anchordistributors.com
affenbuch.com
der-anna-code.com
matatraders.com
jobs180.com
rockabilly.nl
redan.com.pl
magic-tower.net
evans-legal.com
elotroforo.net
nvalores.pt
lelitespresso.ru
livejasminer.com
mikinder.blogspot.com
morendoderir2013.blogspot.com.br
html.com
sagliklahayatimiz.com
encead.com.br
bankexam.co.in
lgperfectpicture.com
okeycar.com
painumaya.com
avcute.com
kamerithalat.com
filtrmat.ru
rodeiomagazine.com.br
careermums.com.au
ldc.mx
worldoceansday.org
dcubecity.com
niderasementes.com.br
r2import.com.br
spotify-asos.com
thechiefleader.com
hungarianrealnews.com
padangosplius.lt
campbelltickell.com
thelongestlistofthelongeststuffatthelongestdomainnameatlonglast.com
afriqbuy.com
shigahochi.co.jp
bsitacademy.com
wibx950.com
creampie-spotter.tumblr.com
atlasengine2.blogspot.com
himalayandogchew.com
carrier-tracking.com
multifoto.pl
navafloor.cz
bancacomunitariabanesco.com
direccioncomercial.wordpress.com
fantasygirlsiennawest.com
kinyo.es
amazing-cover-letters.com
globenewsdaily.blogspot.com.br
internetmarketingthailand.com
converters360.com
agonist.org
palladiumbooks.com
stroje-naradie.sk
ngap.org
equilibriototalalimentos.com.br
varam.gov.lv
cloudward.com
americanschoolofcorr.com
lastipasrafaela.com.ar
junglim.com
lovemomiji.com
techanyi.com
bscc.edu
paniszuka.pl
muenchenmusik.de
familyfunshop.com
habiblutfi.net
eichhorn-office-solutions.de
cereconline.com
nuheat.com
eastcoasttalents.com
i-player.fr
chikae.co.jp
moveforfree.com
45bytes.info
itoys.co.za
gtycanada.org
moresleep.net
ecost.com
mypornhub.com
actlife.gr
mykonospress.gr
landkreis-harburg.de
mulherfelyna.blogspot.com.br
finestbelly.com
cinemaloop.in
robinsonsfoundry.co.uk
striewisch-fotodesign.de
gallagher.co
arabcrushers.net
seganet.com.br
comunique9.com.br
blogs.technet.com/b/wbaer
poing.co.kr
greenandblacksdirect.com
salewa.at
sinyalindo.com
juarez.gob.mx
metlife.fr
archeagegold4u.com
boredpal.com
fashionforumcreativestudio.com
firefighter.com
autoset-msk.ru
11-qu.com
radiobhumi.fm
metrodemontreal.com
asse-newsfeed.fr
hjgz-5.com
wsrising.com
cah-cikrik.blogspot.com
palzileri.com
lonestar.org
skorpios.cl
optipac.ch
doctorvid.com
knopnews2.com
sanplatec.co.jp
converged.co.uk
racefortheironthrone.wordpress.com
live.sumy.ua
pubdigitale.fr
techmeup.net
otdamvam.com
dulichdtv.vn
weyermann.de
gemasbrasil.com
extra.com
taraneh-sara.ir
nb.co.za
getcydiaapps.com
advica.de
imapage.com
williamsrecord.com
loyalty.info
igotit.com.au
quiltville.com
maison-des-drapeaux.com
techs-china.ru
donglobo.com
9sgx.com
366jourspour.co
pridebikes.com
monicamain.com
cosmohotties.com
nudecouples.tumblr.com
credentialcheck.com
ayancuk.com
vanolay.com.tr
netzum-sorglos.de
topnotchdomains.com
preghiereonline.it
ahlulbaytclub.com
multisoft-pmp.com
privategym.com
picweek.org
countrywidehomes.ca
calendarhost.com
