domain
bittenbythetravelbug.com
xcolectivo.com.ar
onlinewomenshopping.com
nijobfinder.co.uk
teespy.com
mit24h.com
sea7htravel.com
cover32.com
fdma.go.jp
rrrather.com
tauschticket.de
firmas.lv
enterprise.weebly.com
werstreamt.es
tecnologici.net
thefoodempire.com
hirmer.de
hotelsthailand.com
lciberica.es
hkfyg.org.hk
findmyorder.com
businessnews.com.ng
adprotect.net
mimp.gob.pe
pornaq.com
podvorje.ru
b-elshmal.com
learnrealarabic.com
dgb.co.kr
055firenze.it
gajitz.com
boss.info
bnatgamesplay.com
fenesta.com
indiaonestop.com
traveldailymedia.com
1c-pro.ru
diblog.ir
ototeknikveri.com
mariinsk-trade.ru
cmehopanorama.com
genengnews.com
mama-hack.com
airfrance.co.za
respina24.com
tumaster.com
tagthesponsor.com
ssl-id.de
secret007.ru
gg-art.com
bjerwai.com
100oferta.com
iribtv.ir
2siteweb.info
jailexchange.com
skipoint.com.br
hdrinc.com
girondins.com
bodyjewelleryshop.co.uk
fitnessdigital.com
hina.hr
casafan.it
birdphone.gr
tudoem.com.br
lek999.com
elitemodel.fr
frpromotora.com
swu.ac.th
prothomelojobs.com
windcom.ru
studentmoneysaver.co.uk
mobilephonedownloads.com
knigi.ws
avtozapchasty.ru
4walled.cc
websystem3.com
lifeyourway.net
flynous.com
timesdaily.com
europaplustv.com
beautyandbeats.com
mp34shared.org
gag1gag.com
layyous.com
goaliemonkey.com
jjkeller.com
fibo-forex.ru
agari.guru
stamplia.com
viamichelin.ch
premiumgeneratorlink.com
ntcu.edu.tw
univ-tln.fr
housecleaningcentral.com
micromat.com
seolinksubmission.com
dummysoftware.com
ipmart-forum.com
cohladas.sk
xxxpornsexmovies.xxx
starshinazapasa.livejournal.com
appstrm.com
ilcannocchiale.it
chocolateandzucchini.com
cashper.es
psychalive.org
motorka.org
dnj.com
shoot-club.de
habersefi.com
paraxeno.com
tabs-shopping.com
remsostav.ru
dacia.ro
sgi.org
azerbaijan-news.az
dataconversionjobs.com
cityevents.tv
flyertown.ca
visitindy.com
ourlads.com
ptrk-wn.com
dollsofindia.com
balmain.com
ayurveda-foryou.com
moneypak.com
xvideo-jpn.com
zhaofile.com
fatsecret.pl
7lolblogger.com
botva.ru
svherald.com
tarot-josnell.com
avtomanija.com
orixlife.jp
invalsi.it
vacances-lagrange.com
surli.in
edgarcayce.org
peoplepulse.com.au
last-minute-rentals.co.uk
thequietplaceproject.com
moxbit.com
tbn.org
lnzlxy.org
evalandgo.com
bukablog.com
tanoco.com
nudists-pics.org
livefreecamx.com
callme.dk
ccm.com.es
gdcc.edu.cn
persistent.co.in
topictimes.com
loisirados.com
jinr.ru
southernhospitalityblog.com
bombatube.biz
nuim.ie
capitalizedmedia.com
eroticmonkey.com
wasi.lk
escorthistory.com
radden.ru
luxsex.pl
azre.gov
hankypanky.com
waterfund.biz
fordvehicles.com
metamorphose.org
peyzo.com
top-personal.ru
demanjo.com
o2.de
onlinesalespro.com
aquienguate.com
twinery.org
gossip9lanka.co.uk
027art.com
firtka.if.ua
guy-hoquet.com
mywellness.com
tavszamla.hu
getyourguide.fr
dancefaucet.com
youthdigital.com
oxolloxo.com
cpaking.ru
mindshape.de
winners-road.com
thzhost.com
asianentrepreneur.org
fileporno.xxx
mvo.ru
krokonuts.ws
compare4you.net
ipmart.com
epharmacy.com.au
e-forologia.gr
skoda.es
restyleparts.com
ketare.com
diyadvice.com
partnertelekom.pl
bulletjournal.com
buste.in
xvideolivechat.com
530.xyz
zeotel.com
trabajo.com.mx
penguinbooksindia.com
ebookers.at
absolut.com
mototriti.gr
techo.org
muscleandfitnesshers.com
thespectrum.com
eurocamp.co.uk
bpv.it
cg22.fr
aldifotos.de
bu.ac.th
notv.me
codehero.co
musicvid.photo
diamondsupplyco.com
bidonfusion.com
coliposte.net
esreality.com
nls.uk
reserveworld.com
satubatu.com
macklifemedia.com
cam4.do
dm-net.co.jp
lexception.com
tornadoweb.org
agcocorp.com
voetbalwest2.nl
cyclestore.co.uk
cellularcountry.com
hideimg.org
bestsoftpe.com
twitdirectory.net
wgcshop.com
reasonsmysoniscrying.com
at-scelta.com
ecampaignstats.com
kristv.com
menchats.com
alphasights.com
xpornotubes.com
mygrafico.com
coopnet.or.jp
15qm.com
hbi.ir
memaran.ir
dhlmultishipping.se
infiniti.ru
phusionpassenger.com
allposters.com.au
hidrosina.com.mx
druhix.com
diariodelnarco.com.mx
socialengage.io
ranktrackr.net
pornomamka.ru
ginza.ru
janalinks.com
100franquicias.com
takemyway.com
happyholisms2015x.in
newsexaminer.net
angelcrunch.com
kerrytj.com
whats4chow.com
calculatorpro.com
mindprod.com
feeder.co
goldvod.tv
tarot-horoskop.com
boatos.org
artistdaily.com
gdot.me
xtrasize.at
go-eki.com
valaitamil.com
mytop3da.com
nea.com
ctic.com
kennards.com.au
youtobe.com
rabbitfile.com
btc114.com
striveformore.in
survley.com
heavenandearthdesigns.com
monsterjam.com
fronius.com
whitecastle.com
viral-mate.net
coffeenews.it
dy558.com
ziifile.com
risk.ru
gafisa.com.br
hdkinoclub.com
jenaydo.com
dorkysdeals.com
merchium.ru
ajax-zoom.com
ihelse.net
christiancinema.com
vidneos.com
kolo.com.pl
88493pea.cn
yls.re
kayurosireuf.info
fwj7aitx.com
mimacstudy.com
shell.cl
hpdriver.net
sdpc.gov.cn
dnb.co.in
gatecitybank.com
yingzt.com
tokyo-shoseki.co.jp
zbozomat.cz
internetrecht-rostock.de
telegraf.in.ua
183post.com
porno-maniac.org
zeromodal.com
qci.org.in
project-audio.com
insidetexas.com
dbocom.com
senescyt.gob.ec
linkdirectorymaster.com
songspke.me
psychotactics.com
aeropuertomadrid-barajas.com
zamroo.com
hostneverdie.com
myvisiononline.co.uk
garmoniazhizni.com
eromanga-guide.info
heirui.cn
eletrosom.com
9200v.com
linecoaching.com
irangpsmap.com
autonocion.com
boporntube.com
koerpertherapie-zentrum.de
samoe-samaya.ru
solimba.com
nook.com
arabio.ru
djvu.org
vglook.com
boutique-abondance.com
dianamovies.com
muzik-online.com
britanico.edu.pe
elit.ro
manystars.ru
trd.nov.ru
traveldailynews.gr
blackphoto.com
juegosfrozen.com
simfy.de
cndian.cn
avoncosmetics.cz
paylessimages.jp
sscibpstet.com
emisit1.blogspot.com
performersoft.com
onepieceofbleach.com
raybt.ru
wildmind.org
ayende.com
eduadvisor.gr
fintradinglimited.com
sjzzt.com
gioitinh18.com
sniper-as.de
gardensbythebay.com.sg
asianxxxvideo.net
lookgoodtips.com
aa2000.com.ar
palladiumboots.com
fantaclub.it
masknews.ir
esds.co.in
101korset.ru
tirol.at
cadafe.gov.ve
referenceboss.com
uisgz.org
apsc.nic.in
btcfaucetlist.net
dackonline.se
sermonsearch.com
cyjcase.com.cn
gojobs.go.kr
meowingtons.com
mathhelpforum.com
jamusa.com
bimadirect.com
gazingus.org
womensemagazine.com
ispch.cl
retailmenot.fr
sjcsupport.com
sevenseasworldwide.com
toshibamea.com
dvdtook.com
guiacereza.com
slatedroid.com
webnode.mx
myjulia.ru
popgasa.com
planetadeagostini.com.br
p-anime.com
netmoda.pl
fapex.es
gezondheid.be
spdns.de
anunico-au.com
smzdm.com/user/register
greeninvoice.co.il
skyscanner.co.nz
drupalizing.com
sportmaster.dk
paintedfurnitureideas.com
backorders.es
tecdemo.com
zombiz.net
ihdwallpapers.com
mondoweb.net
pelaajalehti.com
novopress.info
personalizaciondeblogs.blogspot.com.es
citatepedia.ro
vampodarok.com
grannnny.com
mults.info
dage.cc
statsdirect.com
interaquaristik.de
gamesrepublic.com
patchofland.com
iirusa.com
hobsons.com
ykhbrlr.com
agrotovar.com.ua
excelformeln.de
brighthand.com
nxpay.com
sendwarrior.com
royalgreenwich.gov.uk
ckjunshi.com
metasearch.co.il
ebitempresa.com.br
behandeln.de
infoeggs.com
berkeleycollege.edu
gabar.org
inpad.com.tw
teslarati.com
crtc.gc.ca
gamesville.com
ferraridealers.com
harddirectory.net
telepc.net
serverwup.com
enterprise.es
amazingsax.org
adult-king.com
telesatellite.com
top-consultant.com
esmokersclub.it
daringgourmet.com
tekno-vip.com
hwr-berlin.de
7desenvolvimento.com
bathnes.gov.uk
cinebitz.org
meteogroup.com
rovia.com
neotel.co.za
vulcanocentral.com.ar
letterheadfonts.com
mobilecity.vn
cakart.in
eva.cz
desmogblog.com
mashapps.me
